$ANSIBLE_VAULT;1.1;AES256
36366265653332666538383032626534353832393235616134376236346163363463653433303663
6438626134663037393563343864373962356664646537340a376330633961366630386230353261
63653932643565366437323631373336353565343436393930336162303439363466383639616333
3831353636373662610a366364393230653433306134623436626337626232363039643431373036
33363930393631616131663061613564356236396530363930323538353532373764633164313061
38393134336332356338623135613135303666366531623431663537313536656430363133306430
64303361366461346534386561333662333133636635386430343231373436326534343565343637
39303265323864666564663330366261323564666434326366326466363666623361663234326132
39643266636238343638613935373636316566363165633261623533646238366131316138303137
64396434386432343435656538633135656130376364393965623731393838653432386339636336
61343832663530643037623832633439646235323638383637303638336537363661626161323137
37333435643739383938346565393565396462383237643533653166613032636430666634393137
61343064343138303837333135353233373065663536343636313835316138303635623137393739
66306334356461366664386131363231393336303634303637373332306539396532363238386562
36333432633235633637303263373062333932363562666461383832353634636437663034653664
33356666376333326132323061346663613833323365623734663533323035343534303536333731
39356363366232393962386235313136646233323135663566336561653362633535623861343936
36346261376564653736326366643965343466303034616530353738373565313663353734613263
36646633316563343064636535316464336331386632356531623862353566313433326366653038
64613866313634643538623238363936366537306363643236356532636532386662303161343965
63643862646534373864313532626635386238363937323732626166343638346435633165373336
32366431623162376239663735623132323538633961336263636339303939323630356133643536
61376630666262643630616536643762343237386135303630373536363034363766613336353932
34333634623434303664343166366265613936663638633637663935353334633032313036666366
64316634386436386438653962386139643266303732396636663536316665666339643636356264
39336238666630623130643738666131656439353137633762343834306661623431666666396466
61333762336538366237303962316165396436343562386164666131353634336338366539306131
63383836373662663433666163326339323832626363303433623162396338663331343231613536
33373334663562623932643933353135653963616161323035386630656163383661353439633637
32633761356434393063386630363731643736323366303461613837383763623930383864323538
66323062383732646562363333626536666632393065336264313038653135613362303162396266
36386661653864663632666564353064663664376638333361313837316531646564613035343437
63636466333031303731636238383864353266336331643263366565643935376532366230663465
63643337353630633535343434336566346465303465653265386665386639353539316463366535
34653234363730616266316262376534306162396462373133656636303933666233313563316363
32613337623933333536363665373065313436393633626130386365323636376630353530636663
36656164613833376230373863336338343732386564616364323237616530356366373436353534
63343036333439653464366264633266616637653433656633366339303764366232643935643036
30333736656233663764613731343663613637653732613031373536336630353063396266336663
65626239373037386531333362383734666134396332363735356566333763316662636664666337
35303265633137663635366234303434613962613764386565366231633063346365363763326436
32643263376636373765616232383932613765323562383930353838336463623262663839613863
63613030633934643935313933653265373265333461373764616433323838613265306564343538
38396438333439666663633861326339333833336535626162613238306135626266353437633834
37396237313431323533356439373635656365663334333136353332613761346562353664393362
66316338663037653632636137306361376530323033643633383363613337613561663735363831
37353730393636633338356435613865313836613530636131663136653262666438323639653632
31666234363730393939393135363739313164633231333237343936326463643132633939373231
39373836363330633838346436636232666239366536613238666335313738613231373735393130
63373736353736343462353365343863613361363265346430396638636632356530386630376136
36393939353433323639383236613033353165653130663039383135303834316632373231393839
65393739353933653066633361626666633735623661666539303430636130613262663632323164
65353430373435633762396566663438343832376633316165323763373430346130353330343636
63356538326661343736653035393430633530643862333263303635626330363439366163613665
63616131616266616238323363396265313239323561353866653564633334623137323363343631
62333364363538626431653632653930616235613162346639366537336536633030393836356338
36353435363132303966663133393362633063616633396539356231303039656437386165636135
65303265303936353230376436303537313166326636366630646137396663656661333265363365
36633539646639623737356462633061393330633862643861666465333739326163323332633935
64376638333664343231656365346233643163616439613565633835626534326466656466383265
65666634303332306237313233313636386661396562393961623939366265353933373763636534
33343933613532356564386332313639366261653565376238366133373838326233336435633930
38653930643339323461616637363437613633353566363330326132333135383235323762623233
61613938323232643630346666366461396237653463376434616565316534613464623032636363
33323761386438663066623064633736663962303764613234343436353130323739396361316661
64326336353634313233346236623265616665336134666566306635663138336437646232303833
37356436633661316436336164656535306537363564623836393736353638306336323764376535
35646233333930366438353664383439316234623634396131306639366333346161623632616263
61316663623564323463343064396666633331306335323839633064356235316364623632393139
64363734633461633838313232393265316338396135316132616536613465653337643562366662
36323536353163353133636261306638643137626165366432386539623261336664663835613165
36313933376333313933396237333433653662363934373333393131616333613035646464633563
37303932346464393838303234613635303261643630353431633937393432393632386339353737
37363866633435383633316534343934666338623130323731613138373861303765653739663034
66306130363933333563393331663862323563343761313662333036393562633531313961376562
62326166396365396539653433373535323633613735633763303961323366626230643530356161
66663833363637333735613163656435323837653562343263333731393636346464643035303265
64363335383766333365626566333833303235386662366337626231323633616537313265373336
37323661613866366235323563383539666233343061383337363531666463326539666363366162
38623637393839366464613366633661613563666531643334373933636638356366316164383236
39633265323064373934316566303362383362633965626431386232316132313533666638306634
35616439303466313931333839333565623564373532363936633033633565343366303336303932
31633533383632303336356134646664353364353433363062393366323035616331656265303833
61336333653130633063636563356231643361343261386564333131666262343533396231663332
37333039333136373562653733383333613662353037383634366133363164626339663036333434
36336238306162613034333334346137396232646464383261636338313733373033363361636238
61386532346566616635346266356235666238303136366663393232393165636565633538363564
37316633623031656131
